123456789
1234567890
3
1234567890
2
1234567890
6
1234567890
1234567890
9
1234567890
1234567890
3
1234567890
5
1234567890
1234567890
1
1234567890
1234567890
1
8
1234567890
6
4
1234567890
1234567890
1234567890
1234567890
8
1
1234567890
2
9
1234567890
1234567890
7
1234567890
1234567890
1234567890
1234567890
1234567890
1234567890
1234567890
8
1234567890
1234567890
6
7
1234567890
8
2
1234567890
1234567890
1234567890
1234567890
2
6
1234567890
9
5
1234567890
1234567890
8
1234567890
1234567890
2
1234567890
3
1234567890
1234567890
9
1234567890
1234567890
5
1234567890
1
1234567890
3
1234567890
1234567890
